          0          42         100        2       -1
          1          72          94        2       -1
          2           0          12       12       -1
          3          30         100       10       -1
          4          14          23        1       -1
          5           9          40        1       -1
          6          18          39        3       -1
          7          34          67        1       -1
          8          40          94        2       -1
          9          54          85        1       -1
         10          42          31        1       -1
         11          69          52        1       -1
         12          20          44        4       -1
         13          88          23        1       -1
         14           2          53        1       -1
         15          67          92        1       -1
         16          42          46        2       -1
         17          56          43        1       -1
         18          14          94        2       -1
         19          20          78        2       -1
         20          80          72        8       -1
         21          97          81        1       -1
         22          31           9        1       -1
         23          69          52        1       -1
         24          88          87        1       -1
         25          90          83        1       -1
         26           8          83        1       -1
         27           3          27        3       -1
         28          17           5        1       -1
         29          88          67        1       -1
         30           9          59        1       -1
         31          42          67        1       -1
         32          96          41        1       -1
         33          53          19        1       -1
         34          69          29        1       -1
         35          31          14        1       -1
         36          69          79        1       -1
         37          84          41        1       -1
         38           1           3        1       -1
         39          75          63        3       -1
         40          99          66       33       -1
         41          75          30       15       -1
         42          28          45        1       -1
         43          79          22        1       -1
         44          10           7        1       -1
         45          45          47        1       -1
         46          91           9        1       -1
         47          29          91        1       -1
         48          29          12        1       -1
         49          13          53        1       -1
         50           1           8        1       -1
         51          68          92        4       -1
         52          21          91        7       -1
         53          26          30        2       -1
         54          49          59        1       -1
         55           5          57        1       -1
         56          57          62        1       -1
         57          14          96        2       -1
         58          59          26        1       -1
         59          70          23        1       -1
         60          10          53        1       -1
         61          41          95        1       -1
         62          70          49        7       -1
         63          41          54        1       -1
         64           5          77        1       -1
         65          54           4        2       -1
         66          67          14        1       -1
         67          52          80        4       -1
         68          95           3        1       -1
         69          59          89        1       -1
         70          91          54        1       -1
         71          13          45        1       -1
         72          14          90        2       -1
         73          81          38        1       -1
         74          40          54        2       -1
         75          16          65        1       -1
         76          93          36        3       -1
         77          35          57        1       -1
         78          75          64        1       -1
         79          73          12        1       -1
         80          89          69        1       -1
         81          62          65        1       -1
         82          75          35        5       -1
         83          35          77        7       -1
         84          27          36        9       -1
         85          90          76        2       -1
         86          43          89        1       -1
         87          97           1        1       -1
         88          67          50        1       -1
         89          62           7        1       -1
         90          11          79        1       -1
         91          95           6        1       -1
         92          45          35        5       -1
         93          58          95        1       -1
         94          41          38        1       -1
         95          23          77        1       -1
         96          91          77        7       -1
         97          57          30        3       -1
         98           0          78       78       -1
         99          62          15        1       -1
